001 34 3 5
010000001000000000001000000000100000010000100000000000001000
111111111222222222222222222222233333333333333333333334444444
002 25 1 4
010000000000000001000000000000000100000000000000000000010000
000000000000000001111111111111111112222222222222222222222222
003 30 2 3
000000000000000000000000000000000000000000000000000000000001
111111111111111111111111111111111111112222222222222222222222
004 33 2 3
000000000000000000000000000000000000000000000000000000000000
222222222222222222222222222333333444444444444444444444444444
